     0/199        0G    0.1188   0.01249         0    0.1312        18       320   0.01574    0.5263   0.01008   0.00128    0.1026  0.007023         0
     1/199        0G    0.1122   0.01427         0    0.1265        13       320   0.03788   0.05263  0.005888  0.001108     0.118  0.006505         0
     2/199        0G    0.1037   0.01553         0    0.1192        16       320    0.1218   0.05263   0.01023    0.0013   0.08454  0.008725         0
     3/199        0G   0.09899   0.01538         0    0.1144        10       320  0.006332    0.7368  0.005041 0.0007001   0.08079   0.00968         0
     4/199        0G   0.09294   0.01687         0    0.1098        13       320  0.004285    0.2105  0.003124 0.0006045   0.08654  0.009511         0
     5/199        0G   0.09255   0.01726         0    0.1098        12       320   0.02018   0.05263  0.003836 0.0007289   0.08429  0.009011         0
     6/199        0G   0.08856   0.01874         0    0.1073        11       320  0.005305    0.7368  0.004274 0.0006972   0.07596  0.008591         0
     7/199        0G   0.08551   0.01927         0    0.1048        11       320   0.07512   0.05263  0.008971 0.0009992   0.07112  0.008551         0
     8/199        0G   0.08314   0.02076         0    0.1039        13       320  0.009385   0.05263  0.002197 0.0004876   0.07765  0.008077         0
     9/199        0G     0.083   0.01866         0    0.1017        11       320  0.007216    0.2105   0.00321  0.000321   0.09214  0.007424         0
    10/199        0G   0.08079   0.02164         0    0.1024        10       320    0.0192    0.1579   0.00518 0.0006991    0.0933  0.007586         0
    11/199        0G   0.07626   0.02052         0   0.09678        12       320   0.01513   0.05263  0.001649 0.0001773    0.0915  0.007517         0
    12/199        0G   0.07656   0.02275         0    0.0993        15       320  0.001567    0.3158  0.000614  6.14e-05     0.094  0.007219         0
    13/199        0G   0.07287   0.01929         0   0.09216         9       320  0.002236    0.1579 0.0006909 9.491e-05   0.09158   0.00744         0
    14/199        0G   0.07379   0.02063         0   0.09441        13       320     0.116    0.1053   0.03602  0.005462    0.0759  0.007594         0
    15/199        0G   0.06736   0.02238         0   0.08974        15       320     0.973   0.05263   0.06562   0.03514   0.07655  0.007451         0
    16/199        0G   0.07013   0.02336         0   0.09349        15       320    0.0752    0.1579   0.01947  0.003968   0.07144  0.007728         0
    17/199        0G   0.07121   0.02268         0   0.09388         8       320    0.2275    0.1579   0.06815   0.01169    0.0634  0.008355         0
    18/199        0G   0.06877   0.02277         0   0.09154        17       320     0.184    0.2105     0.092   0.02203   0.05403  0.008803         0
    19/199        0G   0.06709    0.0219         0   0.08899        21       320     0.333    0.1051    0.1072    0.0139   0.05039  0.008809         0
    20/199        0G   0.06767   0.02109         0   0.08876        17       320    0.4273    0.1579   0.09895    0.0202   0.05092  0.008748         0
    21/199        0G   0.06278   0.01948         0   0.08227        16       320    0.2676    0.3158     0.223   0.04761   0.05092  0.008696         0
    22/199        0G   0.06293   0.02048         0    0.0834         9       320    0.7458    0.1579    0.1872   0.05649   0.05618   0.00809         0
    23/199        0G   0.06439   0.02225         0   0.08664        17       320    0.2984    0.3135    0.1627   0.03011   0.05032  0.008449         0
    24/199        0G   0.06065   0.01931         0   0.07996        16       320    0.4433    0.2105    0.1459   0.01989   0.04844  0.008509         0
    25/199        0G    0.0576    0.0227         0    0.0803        18       320    0.2486    0.3684    0.1708   0.04027   0.04966  0.008172         0
    26/199        0G   0.05884   0.02053         0   0.07937        19       320    0.1494    0.5263    0.1853   0.04188   0.05091  0.008178         0
    27/199        0G   0.06044   0.02008         0   0.08051        12       320    0.4257    0.3158    0.2724    0.0607   0.04693  0.008346         0
    28/199        0G   0.05729   0.01982         0   0.07711        18       320    0.3885    0.3679    0.3048   0.07777   0.05116  0.008183         0
    29/199        0G   0.05626   0.01799         0   0.07425        11       320    0.5318    0.4187    0.3544   0.07668   0.05101  0.007803         0
    30/199        0G   0.05542   0.01841         0   0.07383        13       320    0.3858    0.6316    0.3792   0.08267   0.04998  0.007428         0
    31/199        0G   0.05301   0.01782         0   0.07083        14       320    0.3557    0.5263    0.3478    0.1069   0.04789   0.00723         0
    32/199        0G   0.05566   0.01763         0   0.07329        15       320    0.5292    0.4145    0.3375   0.07809   0.04345  0.007988         0
    33/199        0G   0.05532   0.01857         0    0.0739        11       320    0.4033    0.7368    0.3883    0.0574   0.04625   0.00796         0
    34/199        0G   0.05369   0.01958         0   0.07327        19       320    0.3911    0.5749    0.3096   0.05569   0.05153  0.007264         0
    35/199        0G   0.05342   0.01774         0   0.07116         9       320    0.4731    0.4726    0.3054   0.07927   0.04893  0.006888         0
    36/199        0G   0.05261   0.01798         0   0.07059        13       320    0.4748    0.5789    0.3845   0.07117   0.04906  0.006712         0
    37/199        0G   0.05505   0.01745         0    0.0725         9       320     0.598    0.4737    0.4042    0.1216    0.0434  0.007077         0
    38/199        0G   0.04993   0.01707         0     0.067         8       320    0.3442    0.5249    0.3228   0.08505   0.04888  0.006847         0
    39/199        0G   0.05356   0.01585         0   0.06942        11       320    0.4056    0.6842    0.4772   0.07756   0.04844  0.006846         0
    40/199        0G   0.05345   0.01757         0   0.07102         8       320    0.5219    0.5789    0.4528   0.08657   0.04756  0.006774         0
    41/199        0G   0.04982   0.01804         0   0.06787        17       320    0.7852    0.5774    0.6115    0.1506   0.04508  0.006728         0
    42/199        0G   0.05031   0.01508         0   0.06539        11       320    0.6104    0.5789     0.613    0.1399   0.05169  0.006185         0
    43/199        0G   0.05194   0.01679         0   0.06872        14       320    0.4231    0.5789    0.4452    0.1267   0.04504  0.006836         0
    44/199        0G   0.04868   0.01769         0   0.06637        16       320    0.6458    0.5789    0.5378    0.1435   0.04536  0.006732         0
    45/199        0G   0.05079   0.01489         0   0.06568        13       320    0.5256    0.5249    0.4569    0.1005    0.0449  0.007059         0
    46/199        0G   0.04492   0.01762         0   0.06254        13       320    0.4971    0.4211    0.3708   0.09644   0.05097  0.007339         0
    47/199        0G   0.04922   0.01691         0   0.06613        16       320    0.5685    0.4211    0.4297    0.1389   0.04843  0.007362         0
    48/199        0G   0.04967   0.01586         0   0.06553        11       320    0.6638    0.4211    0.4845    0.1667   0.04395  0.006988         0
    49/199        0G   0.04894   0.01649         0   0.06543        15       320    0.4162    0.5254    0.4018    0.1338   0.05087  0.006397         0
    50/199        0G   0.05275   0.01496         0   0.06771         7       320    0.5903    0.6827    0.6204    0.1464   0.04593  0.005903         0
    51/199        0G   0.04432    0.0154         0   0.05971        15       320    0.7814    0.6842    0.6957    0.2149   0.04141  0.006076         0
    52/199        0G   0.04479   0.01562         0   0.06041        16       320    0.6835    0.6842    0.6684    0.2248   0.04187  0.006238         0
    53/199        0G    0.0447   0.01471         0   0.05941        12       320    0.8125    0.6841    0.6966    0.2144   0.04258  0.006246         0
    54/199        0G    0.0509   0.01499         0   0.06589        12       320    0.8328    0.5244    0.6125    0.1798   0.04198  0.006338         0
    55/199        0G   0.04685   0.01535         0    0.0622        10       320    0.5998    0.6316    0.5936    0.2172    0.0461  0.007056         0
    56/199        0G   0.04493   0.01429         0   0.05922        22       320    0.6233    0.5263    0.5739    0.1858   0.04932  0.007087         0
    57/199        0G    0.0455   0.01484         0   0.06035        14       320    0.4444    0.8421    0.5379    0.1476   0.04557  0.007269         0
    58/199        0G   0.04739   0.01356         0   0.06095        10       320    0.5706    0.4211    0.4242   0.07143   0.05208  0.006729         0
    59/199        0G   0.04881     0.014         0   0.06281        13       320    0.6469    0.5786    0.5387    0.1477   0.04583  0.006946         0
    60/199        0G     0.053   0.01497         0   0.06797        15       320    0.1842    0.3684    0.1628   0.03259   0.06428   0.00613         0
    61/199        0G    0.0566   0.01528         0   0.07188        16       320    0.7637    0.5263    0.5638    0.1246   0.04887  0.006427         0
    62/199        0G   0.04475   0.01417         0   0.05892        16       320    0.5691    0.6316    0.5733    0.1373    0.0465  0.006578         0
    63/199        0G   0.04909   0.01367         0   0.06275        15       320    0.5994    0.4725    0.5165    0.1617   0.04738  0.006165         0
    64/199        0G   0.04476   0.01351         0   0.05827        13       320     0.583     0.736    0.5059    0.1598   0.04626  0.006101         0
    65/199        0G   0.04147   0.01509         0   0.05656        15       320    0.5213    0.6305    0.4608    0.1183   0.04289  0.006998         0
    66/199        0G   0.04195   0.01291         0   0.05486        17       320    0.7053    0.6316      0.61    0.1383   0.04313  0.006448         0
    67/199        0G   0.04466   0.01309         0   0.05775        11       320    0.6186    0.6842    0.5497    0.1538   0.04501   0.00604         0
    68/199        0G   0.04185   0.01445         0   0.05631        20       320    0.6465    0.5789    0.5323    0.1595   0.04596  0.005743         0
    69/199        0G   0.04455   0.01371         0   0.05826        13       320    0.7992    0.6316    0.5845    0.1724   0.03907  0.005826         0
    70/199        0G   0.04812   0.01292         0   0.06104        15       320    0.6427    0.4734    0.4591    0.1237   0.04577  0.005822         0
    71/199        0G   0.05502   0.01386         0   0.06888        14       320    0.4977    0.4211    0.3433    0.1147   0.05056  0.005768         0
    72/199        0G   0.05271   0.01492         0   0.06764        15       320    0.6922    0.4734    0.4961    0.1507   0.04049  0.006411         0
    73/199        0G    0.0437   0.01479         0   0.05849        11       320    0.5233    0.5789    0.5162    0.1786   0.04169  0.006101         0
    74/199        0G     0.041    0.0137         0    0.0547        11       320    0.7057    0.6316     0.607    0.1482    0.0364  0.006489         0
    75/199        0G   0.04045   0.01369         0   0.05414         9       320     0.636    0.7368    0.5841    0.1697   0.04159  0.006592         0
    76/199        0G   0.04144   0.01319         0   0.05463         9       320     0.647    0.5789    0.5627    0.1834   0.04617   0.00637         0
    77/199        0G   0.04347   0.01178         0   0.05525         8       320    0.9215    0.6316    0.7052    0.1776   0.03827  0.006003         0
    78/199        0G   0.04322   0.01406         0   0.05727        15       320    0.9221    0.6316    0.6937    0.2129   0.04754  0.005764         0
    79/199        0G   0.03898   0.01383         0   0.05281        13       320    0.8447    0.5789    0.6642    0.1812   0.04383  0.006257         0
    80/199        0G    0.0385   0.01354         0   0.05204        13       320    0.7331    0.5784    0.5689    0.1341   0.04597  0.006505         0
    81/199        0G   0.03818   0.01397         0   0.05216        16       320    0.6664    0.5263    0.4874    0.1358   0.04455  0.006547         0
    82/199        0G   0.04244   0.01257         0   0.05501        20       320    0.6874    0.5789    0.5182    0.1395   0.04848  0.006203         0
    83/199        0G   0.04552   0.01258         0    0.0581        13       320    0.3811    0.6842    0.4252     0.123   0.05063  0.006372         0
    84/199        0G   0.05053   0.01143         0   0.06196        12       320    0.6305    0.6316    0.5882    0.1455   0.04219  0.007017         0
    85/199        0G   0.04045   0.01544         0   0.05589        16       320    0.6184    0.6842    0.5933    0.1348   0.03919  0.007006         0
    86/199        0G   0.03726   0.01376         0   0.05102        10       320    0.5707    0.6316    0.4855    0.1592   0.04261  0.006798         0
    87/199        0G   0.03673   0.01313         0   0.04986        12       320    0.5442    0.6316    0.4602    0.1407   0.04402  0.006764         0
    88/199        0G   0.03975    0.0137         0   0.05345        10       320    0.6315    0.6315     0.528    0.1595   0.04711  0.006814         0
    89/199        0G   0.03622   0.01131         0   0.04753        19       320    0.7057    0.6316    0.5698    0.1889   0.04219  0.006608         0
    90/199        0G   0.03822    0.0125         0   0.05072        20       320    0.7058    0.6316    0.5884    0.1974   0.04404  0.006547         0
    91/199        0G   0.03703   0.01237         0    0.0494        15       320    0.5412    0.6842    0.5134    0.1392   0.04516  0.006396         0
    92/199        0G   0.03409   0.01117         0   0.04526        13       320    0.6081    0.7368     0.615    0.1369   0.04341  0.006546         0
    93/199        0G   0.03444   0.01108         0   0.04552         9       320    0.7643    0.6842    0.6481    0.1247   0.04471  0.006606         0
    94/199        0G   0.03706   0.01242         0   0.04949        15       320    0.7856    0.5787    0.6327    0.1371   0.04803  0.006668         0
    95/199        0G   0.03393   0.01114         0   0.04507        18       320    0.7999    0.6313     0.658    0.1427   0.04372  0.006607         0
    96/199        0G   0.03245   0.01016         0   0.04261        15       320    0.8665    0.6842    0.6781     0.151   0.04093  0.006799         0
    97/199        0G   0.03461   0.01165         0   0.04627        15       320    0.6839    0.6842    0.6889    0.1555    0.0422  0.006734         0
    98/199        0G   0.03317   0.01117         0   0.04434        10       320     0.684    0.6842    0.6382    0.1578   0.04377  0.006773         0
    99/199        0G    0.0348   0.01148         0   0.04628        15       320    0.7055    0.6316    0.5871    0.1652   0.04725  0.006932         0
   100/199        0G   0.03386   0.01046         0   0.04432        15       320     0.647    0.5788    0.4994    0.1297   0.04544   0.00688         0
   101/199        0G   0.03661   0.01132         0   0.04793        18       320    0.6103    0.5789     0.456     0.155   0.04734  0.006642         0
   102/199        0G   0.03601   0.01119         0   0.04719        13       320    0.7775    0.7368    0.6602    0.1306   0.04408  0.006895         0
   103/199        0G   0.03462   0.01072         0   0.04535        15       320     0.647    0.5789    0.5231     0.176   0.04768  0.007086         0
   104/199        0G   0.03277   0.01143         0    0.0442        20       320    0.6428    0.4737    0.4543    0.1711   0.04757  0.007069         0
   105/199        0G   0.03401   0.01104         0   0.04504        10       320    0.7854    0.5789    0.6101    0.1839   0.04471  0.006928         0
   106/199        0G   0.03156   0.01063         0   0.04218        18       320    0.7857    0.5788    0.6098    0.1928   0.04517  0.006829         0
   107/199        0G   0.03255   0.01204         0    0.0446        11       320    0.5761    0.7869    0.6118    0.2124   0.04042  0.007218         0
   108/199        0G   0.03116   0.01152         0   0.04268        21       320     0.923    0.6312    0.7663    0.1907   0.03956  0.007545         0
   109/199        0G   0.03419   0.01051         0    0.0447        11       320    0.6312    0.6316    0.6067    0.2017   0.04426  0.006464         0
   110/199        0G   0.03795     0.011         0   0.04895        13       320    0.9998    0.6316    0.7772    0.2105    0.0396  0.006825         0
   111/199        0G   0.03458   0.01033         0   0.04491        13       320    0.8666    0.6838    0.7273    0.2108   0.04004   0.00694         0
   112/199        0G   0.02966   0.01132         0   0.04098        15       320    0.7492    0.7895    0.6934    0.2101   0.03962  0.006742         0
   113/199        0G   0.02872   0.01156         0   0.04028        20       320     0.833    0.7875    0.7638    0.2068   0.04185  0.006842         0
   114/199        0G   0.03109   0.01112         0   0.04221        13       320    0.7332    0.5789     0.608    0.1773   0.04403  0.006989         0
   115/199        0G    0.0333   0.01047         0   0.04377        17       320    0.7142    0.5263    0.5562    0.1733   0.04294  0.007086         0
   116/199        0G   0.03247    0.0118         0   0.04427        15       320    0.6314    0.6316    0.5845    0.1711   0.04152  0.007586         0
   117/199        0G   0.03391   0.01054         0   0.04445        16       320    0.7309    0.5789    0.5195    0.1757   0.04209  0.007556         0
   118/199        0G   0.03215    0.0105         0   0.04266        15       320    0.8123    0.6842     0.678    0.1725   0.04793  0.007264         0
   119/199        0G   0.02996   0.01042         0   0.04038        14       320      0.75    0.6316    0.5738    0.1728   0.04799  0.007274         0
   120/199        0G   0.02885   0.01089         0   0.03974        12       320    0.7497    0.6307    0.5955    0.1907   0.04857  0.007299         0
   121/199        0G   0.03034  0.009998         0   0.04034        13       320    0.6468    0.5789    0.6068    0.2104   0.04898  0.007631         0
   122/199        0G   0.02899   0.01056         0   0.03954        17       320    0.7058    0.6313    0.6302    0.2033   0.04976  0.007817         0
   123/199        0G    0.0291   0.01047         0   0.03956        14       320    0.7856    0.5789    0.6288    0.1584   0.05021  0.007566         0
   124/199        0G   0.02633   0.01027         0    0.0366        17       320     0.625    0.5263    0.5141    0.1554   0.05009  0.007066         0
   125/199        0G   0.03229  0.009962         0   0.04225        15       320    0.6874    0.5789    0.5578    0.1673   0.04813  0.007106         0
   126/199        0G   0.03027  0.009713         0   0.03998        18       320    0.6874    0.5789    0.5455    0.1644   0.04712   0.00677         0
   127/199        0G   0.02783  0.009662         0   0.03749        17       320    0.6874    0.5789    0.5378    0.1637   0.04501  0.006827         0
   128/199        0G   0.02689  0.009346         0   0.03623        12       320      0.75    0.6316    0.6068    0.1773   0.04155  0.006352         0
   129/199        0G   0.02689  0.009861         0   0.03676        11       320    0.6842    0.6842    0.6148    0.1874   0.04486  0.005866         0
   130/199        0G   0.02671  0.009887         0    0.0366        19       320     0.619    0.6841    0.5974    0.1834   0.04168  0.006426         0
   131/199        0G   0.02977  0.009217         0   0.03899        12       320    0.5789    0.5789    0.4656    0.1836   0.04737  0.005989         0
   132/199        0G   0.02698   0.01004         0   0.03702        14       320    0.6314    0.6316    0.5494    0.1658   0.04724  0.006485         0
   133/199        0G   0.02699  0.009156         0   0.03614        10       320    0.6315    0.6315    0.5635    0.1755   0.04705   0.00675         0
   134/199        0G   0.02665  0.008805         0   0.03545         9       320    0.6666    0.5262    0.4953    0.1555   0.04572  0.007604         0
   135/199        0G    0.0253  0.009314         0   0.03461        13       320    0.6665    0.5263    0.4821    0.1464   0.04576  0.007718         0
   136/199        0G   0.02507  0.009115         0   0.03418        22       320    0.6468    0.5789    0.5322     0.155   0.04645  0.007444         0
   137/199        0G   0.02556   0.00956         0   0.03512        14       320    0.7692    0.5262    0.5131    0.1899   0.04758   0.00782         0
   138/199        0G   0.02651  0.009998         0    0.0365        14       320    0.7691    0.5263    0.4983    0.1761   0.04845  0.008162         0
   139/199        0G    0.0259  0.008754         0   0.03466        14       320    0.7142    0.5263    0.5057     0.167   0.04873  0.007485         0
   140/199        0G   0.02459  0.008831         0   0.03342        15       320    0.7141    0.5263    0.5384    0.1808   0.04809  0.007585         0
   141/199        0G   0.02477  0.008585         0   0.03335         9       320    0.7689    0.5263    0.5285    0.1639   0.04861   0.00809         0
   142/199        0G   0.02522   0.00889         0   0.03411        16       320    0.7136    0.5263    0.5175    0.1738   0.04685  0.008875         0
   143/199        0G   0.02431  0.008902         0   0.03321        13       320    0.5999    0.4737    0.4263    0.1593   0.04708  0.008926         0
   144/199        0G   0.02517  0.008325         0    0.0335        14       320    0.6666    0.5263    0.4917    0.1605    0.0477  0.008721         0
   145/199        0G   0.02521  0.009402         0   0.03461        11       320    0.7332    0.5789    0.6025      0.18   0.04765  0.008385         0
   146/199        0G   0.02471  0.008587         0   0.03329        10       320    0.6666    0.5263    0.5255    0.1842   0.04676  0.008445         0
   147/199        0G   0.02729  0.008842         0   0.03614        12       320    0.7498    0.6316    0.5567      0.19    0.0462  0.008406         0
   148/199        0G   0.02492  0.008365         0   0.03329        10       320    0.7499    0.6316     0.586    0.2125   0.04542    0.0085         0
   149/199        0G   0.02537  0.008124         0   0.03349         7       320    0.8125    0.6841    0.6696    0.2377   0.04449   0.00863         0
   150/199        0G    0.0218  0.007137         0   0.02894        10       320    0.7499    0.6316    0.5837    0.2087   0.04432  0.008771         0
   151/199        0G   0.02472  0.008677         0   0.03339        12       320    0.8109    0.6842    0.6856    0.2499   0.04405  0.008838         0
   152/199        0G   0.02203  0.007777         0   0.02981        10       320     0.769    0.5263    0.5851    0.2116   0.04435  0.008999         0
   153/199        0G   0.02172    0.0085         0   0.03022        17       320    0.6869    0.5789    0.5309    0.2085   0.04438  0.009184         0
   154/199        0G   0.02256   0.00857         0   0.03113        13       320     0.812    0.6842    0.6739     0.179   0.04494  0.009293         0
   155/199        0G   0.02372   0.00808         0    0.0318        16       320     0.611    0.5786    0.5492    0.2145   0.04443  0.009135         0
   156/199        0G   0.02405  0.008698         0   0.03275         8       320     0.541    0.6825    0.5603    0.1831   0.04399  0.009223         0
   157/199        0G   0.02242  0.009758         0   0.03218        18       320    0.5764    0.5731    0.5513    0.1774   0.04411  0.009267         0
   158/199        0G   0.02055  0.008393         0   0.02894        15       320    0.7218    0.6842    0.6055    0.1825   0.04329   0.00952         0
   159/199        0G   0.02195  0.008113         0   0.03006        13       320     0.875    0.7367    0.7421    0.2047   0.04285  0.009431         0
   160/199        0G   0.02254  0.007837         0   0.03038        14       320      0.75    0.6315    0.6159    0.2001   0.04321  0.009404         0
   161/199        0G   0.02284  0.009264         0   0.03211        21       320    0.7892    0.7895    0.7522    0.2021   0.04407  0.009276         0
   162/199        0G   0.02497  0.007775         0   0.03274        13       320    0.7771    0.7368     0.689    0.2175   0.04395  0.009233         0
   163/199        0G   0.02237  0.008178         0   0.03055         9       320     0.875    0.7367    0.6989    0.1839   0.04437   0.00921         0
   164/199        0G   0.02428  0.008487         0   0.03276        19       320    0.6841    0.6839    0.5732    0.2013   0.04381  0.009221         0
   165/199        0G   0.02235  0.007806         0   0.03016        13       320    0.7357    0.7368     0.687    0.1853   0.04424  0.009157         0
   166/199        0G   0.02288  0.009399         0   0.03228        15       320    0.7221    0.6842    0.6678    0.1913   0.04432  0.009218         0
   167/199        0G   0.02252  0.008142         0   0.03066        10       320    0.7647    0.6842    0.6697    0.2085   0.04468  0.009354         0
   168/199        0G   0.02233  0.008255         0   0.03059        11       320    0.7647    0.6841    0.6367    0.1693   0.04662  0.009351         0
   169/199        0G    0.0227   0.00845         0   0.03115        17       320    0.7058    0.6315    0.6056    0.1991   0.04528  0.009481         0
   170/199        0G   0.02084  0.008476         0   0.02931        14       320    0.7647    0.6841    0.6282    0.1781   0.04543  0.009464         0
   171/199        0G   0.02179  0.007556         0   0.02934        12       320    0.7647    0.6841    0.6633    0.2103   0.04568  0.009122         0
   172/199        0G   0.02158   0.00861         0   0.03019        14       320    0.6189    0.6838     0.626      0.22   0.04562  0.008859         0
   173/199        0G   0.02148  0.007873         0   0.02936        10       320    0.7777    0.7364    0.7279    0.1989   0.04609  0.008803         0
   174/199        0G   0.02132  0.007805         0   0.02913        15       320    0.7647    0.6841    0.6679    0.2261   0.04585  0.008767         0
   175/199        0G    0.0198  0.008077         0   0.02787        15       320    0.8235    0.7368    0.7206    0.1984   0.04601  0.008777         0
   176/199        0G     0.022  0.007614         0   0.02961        12       320    0.8567    0.6296    0.6703    0.2202   0.04598  0.008826         0
   177/199        0G   0.02119  0.008542         0   0.02973        16       320    0.7893    0.7888    0.7341    0.2027   0.04635  0.008794         0
   178/199        0G   0.01951   0.00859         0    0.0281        10       320    0.7894    0.7895    0.7302    0.2169   0.04622  0.008798         0
   179/199        0G   0.01972  0.008183         0    0.0279        14       320    0.9274    0.6842    0.7303    0.2064   0.04632   0.00897         0
   180/199        0G   0.02088  0.007852         0   0.02874        12       320    0.8419     0.841    0.8255    0.2045   0.04415  0.009549         0
   181/199        0G    0.0201  0.008028         0   0.02813        18       320     0.789    0.7895     0.706    0.2263   0.04328  0.009641         0
   182/199        0G   0.02088  0.008939         0   0.02982        12       320    0.8332    0.7889    0.7148    0.1987   0.04221  0.009759         0
   183/199        0G   0.01971  0.007994         0    0.0277        13       320    0.8333    0.7892    0.7181    0.2039   0.04148  0.009449         0
   184/199        0G   0.01915  0.007703         0   0.02685        18       320    0.8333    0.7893    0.7449    0.2047   0.04068  0.008833         0
   185/199        0G   0.01912  0.007149         0   0.02626        14       320    0.7777    0.7368    0.6791    0.2236   0.04163  0.009267         0
   186/199        0G   0.02137  0.007686         0   0.02906         9       320    0.8328    0.7895    0.7204    0.2291   0.04182  0.009062         0
   187/199        0G   0.01938  0.007562         0   0.02694        16       320    0.8327    0.7895    0.7106    0.2187   0.04182  0.008722         0
   188/199        0G   0.02008  0.007018         0    0.0271        11       320    0.7647    0.6841     0.679    0.2373   0.04102  0.008871         0
   189/199        0G   0.01861  0.007055         0   0.02567        11       320    0.6816    0.7887    0.6668    0.2201   0.04095  0.008825         0
   190/199        0G   0.02063   0.00715         0   0.02778        15       320    0.7221    0.6838     0.617    0.2123   0.04122  0.008762         0
   191/199        0G   0.01893   0.00746         0   0.02639        20       320    0.5817    0.7368    0.6008    0.2303   0.04021  0.009107         0
   192/199        0G   0.02035  0.007597         0   0.02795        14       320    0.7053    0.6316    0.6245    0.2326   0.03908  0.009455         0
   193/199        0G   0.02053  0.007576         0   0.02811        16       320     0.675    0.7895    0.6565    0.2133   0.03979  0.009326         0
   194/199        0G   0.01847  0.007406         0   0.02588        13       320    0.7636    0.6842    0.6495    0.2078   0.04034  0.009317         0
   195/199        0G   0.01941  0.007431         0   0.02684        18       320    0.7216    0.6842    0.6183    0.1813   0.04072  0.009307         0
   196/199        0G   0.02009  0.007482         0   0.02757        12       320    0.7139    0.7895    0.6475    0.2122   0.04087   0.00993         0
   197/199        0G   0.01914  0.007457         0    0.0266        18       320    0.8229    0.7368    0.7073    0.2083     0.041  0.009891         0
   198/199        0G    0.0215  0.007079         0   0.02858        15       320    0.7618    0.8416    0.7763    0.2056   0.04409  0.009542         0
   199/199        0G   0.02054  0.007815         0   0.02836        21       320    0.8235    0.7367    0.7066    0.2022   0.04392  0.009514         0
